10 10 7 12
10 50 8 17
10 100 7 20
10 500 7 24
11 10 5 8
11 50 5 13
11 100 4 14
11 500 5 17
12 10 5 8
12 50 5 15
12 100 5 15
12 500 5 21
13 10 4 6
13 50 3 9
13 100 4 11
13 500 3 15
14 10 3 6
14 50 4 10
14 100 3 11
14 500 3 15
15 10 3 6
15 50 3 8
15 100 3 9
15 500 4 13
16 10 4 6
16 50 3 11
16 100 4 14
16 500 4 19
17 10 4 6
17 50 4 11
17 100 4 13
17 500 4 17
18 10 4 6
18 50 3 10
18 100 4 13
18 500 4 18
19 10 4 7
19 50 4 12
19 100 4 16
19 500 4 22
20 10 4 7
20 50 4 12
20 100 4 14
20 500 4 19
21 10 4 7
21 50 4 10
21 100 4 13
21 500 4 17
22 10 4 7
22 50 4 10
22 100 4 12
22 500 4 18
23 10 5 7
23 50 4 11
23 100 4 14
23 500 5 18
24 10 4 7
24 50 4 11
24 100 4 13
24 500 4 18
25 10 4 7
25 50 5 11
25 100 4 12
25 500 4 16
26 10 5 7
26 50 5 11
26 100 5 14
26 500 5 17
27 10 4 7
27 50 5 11
27 100 5 13
27 500 5 18
28 10 5 7
28 50 5 11
28 100 5 13
28 500 5 17
29 10 5 8
29 50 5 14
29 100 5 15
29 500 5 21
30 10 5 9
30 50 5 15
30 100 6 16
30 500 6 21
31 10 5 9
31 50 5 14
31 100 6 15
31 500 6 21
32 10 6 8
32 50 5 15
32 100 6 17
32 500 6 21
33 10 6 10
33 50 5 13
33 100 6 15
33 500 6 21
34 10 6 9
34 50 6 14
34 100 5 16
34 500 6 20
35 10 6 9
35 50 6 14
35 100 5 16
35 500 5 20
36 10 6 9
36 50 6 14
36 100 6 16
36 500 6 21
37 10 6 9
37 50 6 14
37 100 6 15
37 500 6 19
38 10 6 10
38 50 6 13
38 100 6 15
38 500 6 20
39 10 6 9
39 50 6 15
39 100 6 16
39 500 7 21
40 10 6 10
40 50 5 15
40 100 6 17
40 500 6 21
41 10 6 11
41 50 6 15
41 100 6 16
41 500 6 21
42 10 6 10
42 50 7 14
42 100 7 17
42 500 6 21
43 10 6 11
43 50 6 15
43 100 7 16
43 500 6 22
44 10 6 11
44 50 6 14
44 100 7 18
44 500 7 21
45 10 6 11
45 50 7 15
45 100 7 17
45 500 7 21
46 10 7 10
46 50 6 15
46 100 6 17
46 500 7 22
47 10 7 11
47 50 6 16
47 100 6 18
47 500 6 23
48 10 7 10
48 50 7 15
48 100 6 18
48 500 6 23
49 10 7 12
49 50 7 16
49 100 7 18
49 500 7 22
50 10 6 11
50 50 7 16
50 100 7 19
50 500 7 24
51 10 7 11
51 50 7 15
51 100 8 19
51 500 7 23
52 10 7 11
52 50 7 16
52 100 7 19
52 500 7 23
53 10 7 12
53 50 7 16
53 100 7 18
53 500 7 23
54 10 7 12
54 50 7 17
54 100 7 19
54 500 7 23
55 10 7 11
55 50 8 16
55 100 7 19
55 500 7 24
56 10 7 11
56 50 7 16
56 100 7 18
56 500 7 24
57 10 7 12
57 50 7 16
57 100 7 19
57 500 8 24
58 10 7 11
58 50 7 17
58 100 7 19
58 500 7 25
59 10 8 12
59 50 7 17
59 100 7 19
59 500 7 25
60 10 8 12
60 50 7 17
60 100 8 19
60 500 7 24
61 10 8 12
61 50 7 18
61 100 8 18
61 500 7 23
62 10 8 12
62 50 7 18
62 100 7 20
62 500 6 24
63 10 7 12
63 50 7 17
63 100 7 19
63 500 7 24
64 10 8 12
64 50 8 16
64 100 8 19
64 500 8 24
65 10 8 12
65 50 7 17
65 100 7 20
65 500 7 25
66 10 7 12
66 50 7 17
66 100 7 19
66 500 7 24
67 10 7 12
67 50 7 17
67 100 8 20
67 500 8 24
68 10 7 13
68 50 7 17
68 100 8 19
68 500 7 24
69 10 7 12
69 50 8 16
69 100 7 18
69 500 7 22
70 10 8 12
70 50 6 17
70 100 7 20
70 500 7 23
71 10 7 12
71 50 7 17
71 100 7 20
71 500 8 24
72 10 7 13
72 50 8 17
72 100 8 18
72 500 8 23
73 10 7 13
73 50 8 17
73 100 8 20
73 500 8 23
74 10 8 12
74 50 7 17
74 100 8 19
74 500 8 24
75 10 7 12
75 50 7 17
75 100 7 19
75 500 8 23
76 10 8 12
76 50 7 18
76 100 7 18
76 500 7 23
77 10 7 12
77 50 8 16
77 100 7 19
77 500 8 24
78 10 7 13
78 50 7 17
78 100 7 19
78 500 8 24
79 10 7 12
79 50 7 17
79 100 8 19
79 500 8 24
80 10 7 13
80 50 8 17
80 100 8 19
80 500 7 24
81 10 7 13
81 50 8 17
81 100 7 19
81 500 7 24
82 10 7 14
82 50 8 18
82 100 7 19
82 500 7 24
83 10 7 13
83 50 7 17
83 100 8 19
83 500 8 23
84 10 7 13
84 50 8 17
84 100 7 19
84 500 8 25
85 10 7 13
85 50 7 17
85 100 7 19
85 500 8 24
86 10 8 12
86 50 7 17
86 100 7 19
86 500 7 25
87 10 6 13
87 50 7 18
87 100 7 20
87 500 8 24
88 10 8 13
88 50 7 19
88 100 8 20
88 500 8 25
89 10 8 13
89 50 8 18
89 100 8 20
89 500 8 25
90 10 7 13
90 50 8 19
90 100 8 19
90 500 8 25
91 10 8 13
91 50 8 19
91 100 8 20
91 500 8 24
92 10 7 14
92 50 8 17
92 100 8 20
92 500 8 25
93 10 8 14
93 50 7 18
93 100 7 20
93 500 8 26
94 10 7 13
94 50 8 18
94 100 9 20
94 500 6 25
95 10 9 13
95 50 7 18
95 100 7 19
95 500 8 24
96 10 7 13
96 50 8 19
96 100 8 20
96 500 7 25
97 10 7 13
97 50 8 17
97 100 7 20
97 500 8 27
98 10 8 14
98 50 8 18
98 100 8 20
98 500 8 25
99 10 7 15
99 50 8 19
99 100 7 20
99 500 8 25
