0 10 -2 23
0 50 -1 32
0 100 -2 35
0 500 -1 39
10 10 4 24
10 50 2 32
10 100 3 35
10 500 1 42
20 10 7 23
20 50 7 28
20 100 7 32
20 500 9 40
30 10 10 23
30 50 10 29
30 100 11 33
30 500 8 40
40 10 9 22
40 50 10 28
40 100 10 32
40 500 11 39
50 10 11 21
50 50 10 29
50 100 12 33
50 500 12 38
60 10 12 21
60 50 11 27
60 100 11 30
60 500 12 38
70 10 12 20
70 50 10 27
70 100 10 30
70 500 12 38
80 10 12 19
80 50 11 26
80 100 12 30
80 500 11 36
90 10 11 20
90 50 10 27
90 100 11 30
90 500 11 38
100 10 11 21
100 50 13 28
100 100 11 31
100 500 12 37
110 10 12 20
110 50 12 27
110 100 10 29
110 500 12 37
120 10 11 19
120 50 11 24
120 100 10 28
120 500 12 35
130 10 11 19
130 50 11 24
130 100 11 28
130 500 10 35
140 10 12 19
140 50 11 25
140 100 11 27
140 500 11 35
150 10 11 19
150 50 10 24
150 100 10 27
150 500 10 35
160 10 11 17
160 50 11 24
160 100 11 26
160 500 10 34
170 10 11 18
170 50 10 22
170 100 11 28
170 500 11 34
180 10 11 17
180 50 9 23
180 100 9 27
180 500 9 34
190 10 10 16
190 50 10 23
190 100 11 27
190 500 10 35
200 10 10 16
200 50 10 22
200 100 10 26
200 500 9 32
210 10 10 15
210 50 10 24
210 100 10 25
210 500 10 32
220 10 10 16
220 50 9 21
220 100 9 25
220 500 10 31
230 10 9 16
230 50 9 22
230 100 9 25
230 500 8 31
240 10 9 14
240 50 9 21
240 100 10 24
240 500 9 31
250 10 9 14
250 50 9 19
250 100 9 24
250 500 8 31
260 10 9 14
260 50 9 21
260 100 9 24
260 500 9 31
270 10 9 14
270 50 9 20
270 100 9 24
270 500 8 30
280 10 9 14
280 50 8 21
280 100 9 24
280 500 9 31
290 10 8 14
290 50 8 19
290 100 8 22
290 500 8 29
300 10 8 13
300 50 8 18
300 100 8 23
300 500 8 29
310 10 8 13
310 50 8 19
310 100 8 23
310 500 8 30
320 10 8 13
320 50 7 20
320 100 8 22
320 500 8 29
330 10 8 14
330 50 8 20
330 100 8 22
330 500 7 29
340 10 7 12
340 50 8 19
340 100 8 21
340 500 8 30
350 10 7 12
350 50 7 19
350 100 8 22
350 500 7 30
360 10 7 12
360 50 7 19
360 100 6 20
360 500 6 28
370 10 7 12
370 50 7 19
370 100 6 22
370 500 7 28
380 10 6 12
380 50 7 18
380 100 7 23
380 500 7 29
390 10 6 12
390 50 7 18
390 100 6 22
390 500 7 28
