    0.000     0.312     0.447     0.486     0.487     0.000     0.312     0.447     0.486     0.487     0.000     0.312     0.447     0.486     0.487     0.000     0.312     0.447     0.486     0.487     0.000     0.312     0.447     0.486     0.487     0.000     0.312     0.447     0.486     0.487     0.000     0.312     0.447     0.486     0.487     0.000     0.312     0.447     0.486     0.487 
    0.312     0.000     0.378     0.400     0.514     0.312     0.000     0.378     0.400     0.514     0.312     0.000     0.378     0.400     0.514     0.312     0.000     0.378     0.400     0.514     0.312     0.000     0.378     0.400     0.514     0.312     0.000     0.378     0.400     0.514     0.312     0.000     0.378     0.400     0.514     0.312     0.000     0.378     0.400     0.514 
    0.447     0.378     0.000     0.300     0.212     0.447     0.378     0.000     0.300     0.212     0.447     0.378     0.000     0.300     0.212     0.447     0.378     0.000     0.300     0.212     0.447     0.378     0.000     0.300     0.212     0.447     0.378     0.000     0.300     0.212     0.447     0.378     0.000     0.300     0.212     0.447     0.378     0.000     0.300     0.212 
    0.486     0.400     0.300     0.000     0.548     0.486     0.400     0.300     0.000     0.548     0.486     0.400     0.300     0.000     0.548     0.486     0.400     0.300     0.000     0.548     0.486     0.400     0.300     0.000     0.548     0.486     0.400     0.300     0.000     0.548     0.486     0.400     0.300     0.000     0.548     0.486     0.400     0.300     0.000     0.548 
    0.487     0.514     0.212     0.548     0.000     0.487     0.514     0.212     0.548     0.000     0.487     0.514     0.212     0.548     0.000     0.487     0.514     0.212     0.548     0.000     0.487     0.514     0.212     0.548     0.000     0.487     0.514     0.212     0.548     0.000     0.487     0.514     0.212     0.548     0.000     0.487     0.514     0.212     0.548     0.000 
    0.000     0.312     0.447     0.486     0.487     0.000     0.312     0.447     0.486     0.487     0.000     0.312     0.447     0.486     0.487     0.000     0.312     0.447     0.486     0.487     0.000     0.312     0.447     0.486     0.487     0.000     0.312     0.447     0.486     0.487     0.000     0.312     0.447     0.486     0.487     0.000     0.312     0.447     0.486     0.487 
    0.312     0.000     0.378     0.400     0.514     0.312     0.000     0.378     0.400     0.514     0.312     0.000     0.378     0.400     0.514     0.312     0.000     0.378     0.400     0.514     0.312     0.000     0.378     0.400     0.514     0.312     0.000     0.378     0.400     0.514     0.312     0.000     0.378     0.400     0.514     0.312     0.000     0.378     0.400     0.514 
    0.447     0.378     0.000     0.300     0.212     0.447     0.378     0.000     0.300     0.212     0.447     0.378     0.000     0.300     0.212     0.447     0.378     0.000     0.300     0.212     0.447     0.378     0.000     0.300     0.212     0.447     0.378     0.000     0.300     0.212     0.447     0.378     0.000     0.300     0.212     0.447     0.378     0.000     0.300     0.212 
    0.486     0.400     0.300     0.000     0.548     0.486     0.400     0.300     0.000     0.548     0.486     0.400     0.300     0.000     0.548     0.486     0.400     0.300     0.000     0.548     0.486     0.400     0.300     0.000     0.548     0.486     0.400     0.300     0.000     0.548     0.486     0.400     0.300     0.000     0.548     0.486     0.400     0.300     0.000     0.548 
    0.487     0.514     0.212     0.548     0.000     0.487     0.514     0.212     0.548     0.000     0.487     0.514     0.212     0.548     0.000     0.487     0.514     0.212     0.548     0.000     0.487     0.514     0.212     0.548     0.000     0.487     0.514     0.212     0.548     0.000     0.487     0.514     0.212     0.548     0.000     0.487     0.514     0.212     0.548     0.000 
    0.000     0.312     0.447     0.486     0.487     0.000     0.312     0.447     0.486     0.487     0.000     0.312     0.447     0.486     0.487     0.000     0.312     0.447     0.486     0.487     0.000     0.312     0.447     0.486     0.487     0.000     0.312     0.447     0.486     0.487     0.000     0.312     0.447     0.486     0.487     0.000     0.312     0.447     0.486     0.487 
    0.312     0.000     0.378     0.400     0.514     0.312     0.000     0.378     0.400     0.514     0.312     0.000     0.378     0.400     0.514     0.312     0.000     0.378     0.400     0.514     0.312     0.000     0.378     0.400     0.514     0.312     0.000     0.378     0.400     0.514     0.312     0.000     0.378     0.400     0.514     0.312     0.000     0.378     0.400     0.514 
    0.447     0.378     0.000     0.300     0.212     0.447     0.378     0.000     0.300     0.212     0.447     0.378     0.000     0.300     0.212     0.447     0.378     0.000     0.300     0.212     0.447     0.378     0.000     0.300     0.212     0.447     0.378     0.000     0.300     0.212     0.447     0.378     0.000     0.300     0.212     0.447     0.378     0.000     0.300     0.212 
    0.486     0.400     0.300     0.000     0.548     0.486     0.400     0.300     0.000     0.548     0.486     0.400     0.300     0.000     0.548     0.486     0.400     0.300     0.000     0.548     0.486     0.400     0.300     0.000     0.548     0.486     0.400     0.300     0.000     0.548     0.486     0.400     0.300     0.000     0.548     0.486     0.400     0.300     0.000     0.548 
    0.487     0.514     0.212     0.548     0.000     0.487     0.514     0.212     0.548     0.000     0.487     0.514     0.212     0.548     0.000     0.487     0.514     0.212     0.548     0.000     0.487     0.514     0.212     0.548     0.000     0.487     0.514     0.212     0.548     0.000     0.487     0.514     0.212     0.548     0.000     0.487     0.514     0.212     0.548     0.000 
    0.000     0.312     0.447     0.486     0.487     0.000     0.312     0.447     0.486     0.487     0.000     0.312     0.447     0.486     0.487     0.000     0.312     0.447     0.486     0.487     0.000     0.312     0.447     0.486     0.487     0.000     0.312     0.447     0.486     0.487     0.000     0.312     0.447     0.486     0.487     0.000     0.312     0.447     0.486     0.487 
    0.312     0.000     0.378     0.400     0.514     0.312     0.000     0.378     0.400     0.514     0.312     0.000     0.378     0.400     0.514     0.312     0.000     0.378     0.400     0.514     0.312     0.000     0.378     0.400     0.514     0.312     0.000     0.378     0.400     0.514     0.312     0.000     0.378     0.400     0.514     0.312     0.000     0.378     0.400     0.514 
    0.447     0.378     0.000     0.300     0.212     0.447     0.378     0.000     0.300     0.212     0.447     0.378     0.000     0.300     0.212     0.447     0.378     0.000     0.300     0.212     0.447     0.378     0.000     0.300     0.212     0.447     0.378     0.000     0.300     0.212     0.447     0.378     0.000     0.300     0.212     0.447     0.378     0.000     0.300     0.212 
    0.486     0.400     0.300     0.000     0.548     0.486     0.400     0.300     0.000     0.548     0.486     0.400     0.300     0.000     0.548     0.486     0.400     0.300     0.000     0.548     0.486     0.400     0.300     0.000     0.548     0.486     0.400     0.300     0.000     0.548     0.486     0.400     0.300     0.000     0.548     0.486     0.400     0.300     0.000     0.548 
    0.487     0.514     0.212     0.548     0.000     0.487     0.514     0.212     0.548     0.000     0.487     0.514     0.212     0.548     0.000     0.487     0.514     0.212     0.548     0.000     0.487     0.514     0.212     0.548     0.000     0.487     0.514     0.212     0.548     0.000     0.487     0.514     0.212     0.548     0.000     0.487     0.514     0.212     0.548     0.000 
    0.000     0.312     0.447     0.486     0.487     0.000     0.312     0.447     0.486     0.487     0.000     0.312     0.447     0.486     0.487     0.000     0.312     0.447     0.486     0.487     0.000     0.312     0.447     0.486     0.487     0.000     0.312     0.447     0.486     0.487     0.000     0.312     0.447     0.486     0.487     0.000     0.312     0.447     0.486     0.487 
    0.312     0.000     0.378     0.400     0.514     0.312     0.000     0.378     0.400     0.514     0.312     0.000     0.378     0.400     0.514     0.312     0.000     0.378     0.400     0.514     0.312     0.000     0.378     0.400     0.514     0.312     0.000     0.378     0.400     0.514     0.312     0.000     0.378     0.400     0.514     0.312     0.000     0.378     0.400     0.514 
    0.447     0.378     0.000     0.300     0.212     0.447     0.378     0.000     0.300     0.212     0.447     0.378     0.000     0.300     0.212     0.447     0.378     0.000     0.300     0.212     0.447     0.378     0.000     0.300     0.212     0.447     0.378     0.000     0.300     0.212     0.447     0.378     0.000     0.300     0.212     0.447     0.378     0.000     0.300     0.212 
    0.486     0.400     0.300     0.000     0.548     0.486     0.400     0.300     0.000     0.548     0.486     0.400     0.300     0.000     0.548     0.486     0.400     0.300     0.000     0.548     0.486     0.400     0.300     0.000     0.548     0.486     0.400     0.300     0.000     0.548     0.486     0.400     0.300     0.000     0.548     0.486     0.400     0.300     0.000     0.548 
    0.487     0.514     0.212     0.548     0.000     0.487     0.514     0.212     0.548     0.000     0.487     0.514     0.212     0.548     0.000     0.487     0.514     0.212     0.548     0.000     0.487     0.514     0.212     0.548     0.000     0.487     0.514     0.212     0.548     0.000     0.487     0.514     0.212     0.548     0.000     0.487     0.514     0.212     0.548     0.000 
    0.000     0.312     0.447     0.486     0.487     0.000     0.312     0.447     0.486     0.487     0.000     0.312     0.447     0.486     0.487     0.000     0.312     0.447     0.486     0.487     0.000     0.312     0.447     0.486     0.487     0.000     0.312     0.447     0.486     0.487     0.000     0.312     0.447     0.486     0.487     0.000     0.312     0.447     0.486     0.487 
    0.312     0.000     0.378     0.400     0.514     0.312     0.000     0.378     0.400     0.514     0.312     0.000     0.378     0.400     0.514     0.312     0.000     0.378     0.400     0.514     0.312     0.000     0.378     0.400     0.514     0.312     0.000     0.378     0.400     0.514     0.312     0.000     0.378     0.400     0.514     0.312     0.000     0.378     0.400     0.514 
    0.447     0.378     0.000     0.300     0.212     0.447     0.378     0.000     0.300     0.212     0.447     0.378     0.000     0.300     0.212     0.447     0.378     0.000     0.300     0.212     0.447     0.378     0.000     0.300     0.212     0.447     0.378     0.000     0.300     0.212     0.447     0.378     0.000     0.300     0.212     0.447     0.378     0.000     0.300     0.212 
    0.486     0.400     0.300     0.000     0.548     0.486     0.400     0.300     0.000     0.548     0.486     0.400     0.300     0.000     0.548     0.486     0.400     0.300     0.000     0.548     0.486     0.400     0.300     0.000     0.548     0.486     0.400     0.300     0.000     0.548     0.486     0.400     0.300     0.000     0.548     0.486     0.400     0.300     0.000     0.548 
    0.487     0.514     0.212     0.548     0.000     0.487     0.514     0.212     0.548     0.000     0.487     0.514     0.212     0.548     0.000     0.487     0.514     0.212     0.548     0.000     0.487     0.514     0.212     0.548     0.000     0.487     0.514     0.212     0.548     0.000     0.487     0.514     0.212     0.548     0.000     0.487     0.514     0.212     0.548     0.000 
    0.000     0.312     0.447     0.486     0.487     0.000     0.312     0.447     0.486     0.487     0.000     0.312     0.447     0.486     0.487     0.000     0.312     0.447     0.486     0.487     0.000     0.312     0.447     0.486     0.487     0.000     0.312     0.447     0.486     0.487     0.000     0.312     0.447     0.486     0.487     0.000     0.312     0.447     0.486     0.487 
    0.312     0.000     0.378     0.400     0.514     0.312     0.000     0.378     0.400     0.514     0.312     0.000     0.378     0.400     0.514     0.312     0.000     0.378     0.400     0.514     0.312     0.000     0.378     0.400     0.514     0.312     0.000     0.378     0.400     0.514     0.312     0.000     0.378     0.400     0.514     0.312     0.000     0.378     0.400     0.514 
    0.447     0.378     0.000     0.300     0.212     0.447     0.378     0.000     0.300     0.212     0.447     0.378     0.000     0.300     0.212     0.447     0.378     0.000     0.300     0.212     0.447     0.378     0.000     0.300     0.212     0.447     0.378     0.000     0.300     0.212     0.447     0.378     0.000     0.300     0.212     0.447     0.378     0.000     0.300     0.212 
    0.486     0.400     0.300     0.000     0.548     0.486     0.400     0.300     0.000     0.548     0.486     0.400     0.300     0.000     0.548     0.486     0.400     0.300     0.000     0.548     0.486     0.400     0.300     0.000     0.548     0.486     0.400     0.300     0.000     0.548     0.486     0.400     0.300     0.000     0.548     0.486     0.400     0.300     0.000     0.548 
    0.487     0.514     0.212     0.548     0.000     0.487     0.514     0.212     0.548     0.000     0.487     0.514     0.212     0.548     0.000     0.487     0.514     0.212     0.548     0.000     0.487     0.514     0.212     0.548     0.000     0.487     0.514     0.212     0.548     0.000     0.487     0.514     0.212     0.548     0.000     0.487     0.514     0.212     0.548     0.000 
    0.000     0.312     0.447     0.486     0.487     0.000     0.312     0.447     0.486     0.487     0.000     0.312     0.447     0.486     0.487     0.000     0.312     0.447     0.486     0.487     0.000     0.312     0.447     0.486     0.487     0.000     0.312     0.447     0.486     0.487     0.000     0.312     0.447     0.486     0.487     0.000     0.312     0.447     0.486     0.487 
    0.312     0.000     0.378     0.400     0.514     0.312     0.000     0.378     0.400     0.514     0.312     0.000     0.378     0.400     0.514     0.312     0.000     0.378     0.400     0.514     0.312     0.000     0.378     0.400     0.514     0.312     0.000     0.378     0.400     0.514     0.312     0.000     0.378     0.400     0.514     0.312     0.000     0.378     0.400     0.514 
    0.447     0.378     0.000     0.300     0.212     0.447     0.378     0.000     0.300     0.212     0.447     0.378     0.000     0.300     0.212     0.447     0.378     0.000     0.300     0.212     0.447     0.378     0.000     0.300     0.212     0.447     0.378     0.000     0.300     0.212     0.447     0.378     0.000     0.300     0.212     0.447     0.378     0.000     0.300     0.212 
    0.486     0.400     0.300     0.000     0.548     0.486     0.400     0.300     0.000     0.548     0.486     0.400     0.300     0.000     0.548     0.486     0.400     0.300     0.000     0.548     0.486     0.400     0.300     0.000     0.548     0.486     0.400     0.300     0.000     0.548     0.486     0.400     0.300     0.000     0.548     0.486     0.400     0.300     0.000     0.548 
    0.487     0.514     0.212     0.548     0.000     0.487     0.514     0.212     0.548     0.000     0.487     0.514     0.212     0.548     0.000     0.487     0.514     0.212     0.548     0.000     0.487     0.514     0.212     0.548     0.000     0.487     0.514     0.212     0.548     0.000     0.487     0.514     0.212     0.548     0.000     0.487     0.514     0.212     0.548     0.000 
