    0.000     0.000     0.000     0.000     0.000     0.105     0.000     0.016     0.032     0.032     0.048     0.148     0.048     0.048     0.138     0.081     0.097     0.081     0.097     0.145     0.113     0.136 
    0.000     0.000     0.000     0.000     0.000     0.088     0.000     0.016     0.032     0.032     0.048     0.131     0.048     0.048     0.121     0.079     0.095     0.079     0.095     0.143     0.111     0.136 
    0.000     0.000     0.000     0.000     0.000     0.035     0.015     0.030     0.045     0.045     0.061     0.082     0.045     0.045     0.069     0.076     0.091     0.076     0.106     0.111     0.092     0.102 
    0.000     0.000     0.000     0.000     0.015     0.018     0.015     0.030     0.045     0.045     0.060     0.066     0.045     0.045     0.052     0.075     0.090     0.075     0.091     0.095     0.092     0.102 
    0.000     0.000     0.000     0.000     0.000     0.035     0.030     0.045     0.060     0.060     0.075     0.082     0.060     0.060     0.069     0.090     0.104     0.090     0.106     0.111     0.092     0.102 
    0.000     0.000     0.000     0.000     0.000     0.000     0.018     0.018     0.035     0.035     0.053     0.070     0.035     0.035     0.035     0.070     0.088     0.070     0.105     0.140     0.140     0.246 
    0.000     0.000     0.000     0.000     0.000     0.000     0.000     0.015     0.030     0.030     0.045     0.066     0.045     0.045     0.052     0.075     0.090     0.075     0.091     0.095     0.108     0.119 
    0.000     0.000     0.000     0.000     0.000     0.000     0.000     0.000     0.015     0.015     0.030     0.049     0.030     0.030     0.052     0.060     0.075     0.075     0.076     0.079     0.092     0.102 
    0.000     0.000     0.000     0.000     0.000     0.000     0.000     0.000     0.000     0.000     0.015     0.033     0.015     0.015     0.034     0.045     0.060     0.060     0.061     0.063     0.077     0.085 
    0.000     0.000     0.000     0.000     0.000     0.000     0.000     0.000     0.000     0.000     0.015     0.033     0.015     0.015     0.034     0.045     0.060     0.060     0.061     0.063     0.077     0.085 
    0.000     0.000     0.000     0.000     0.000     0.000     0.000     0.000     0.000     0.000     0.000     0.016     0.000     0.000     0.017     0.030     0.045     0.045     0.045     0.048     0.062     0.068 
    0.000     0.000     0.000     0.000     0.000     0.000     0.000     0.000     0.000     0.000     0.000     0.000     0.000     0.000     0.034     0.033     0.049     0.049     0.066     0.098     0.082     0.153 
    0.000     0.000     0.000     0.000     0.000     0.000     0.000     0.000     0.000     0.000     0.000     0.000     0.000     0.000     0.000     0.029     0.030     0.030     0.030     0.032     0.046     0.051 
    0.000     0.000     0.000     0.000     0.000     0.000     0.000     0.000     0.000     0.000     0.000     0.000     0.000     0.000     0.000     0.029     0.030     0.030     0.030     0.032     0.046     0.051 
    0.000     0.000     0.000     0.000     0.000     0.000     0.000     0.000     0.000     0.000     0.000     0.000     0.000     0.000     0.000     0.034     0.052     0.034     0.069     0.103     0.103     0.207 
    0.000     0.000     0.000     0.000     0.000     0.000     0.000     0.000     0.000     0.000     0.000     0.000     0.000     0.000     0.000     0.000     0.000     0.000     0.000     0.000     0.015     0.017 
    0.000     0.000     0.000     0.000     0.000     0.000     0.000     0.000     0.000     0.000     0.000     0.000     0.000     0.000     0.000     0.000     0.000     0.030     0.015     0.016     0.031     0.034 
    0.000     0.000     0.000     0.000     0.000     0.000     0.000     0.000     0.000     0.000     0.000     0.000     0.000     0.000     0.000     0.000     0.000     0.000     0.030     0.032     0.031     0.051 
    0.000     0.000     0.000     0.000     0.000     0.000     0.000     0.000     0.000     0.000     0.000     0.000     0.000     0.000     0.000     0.000     0.000     0.000     0.000     0.016     0.046     0.051 
    0.000     0.000     0.000     0.000     0.000     0.000     0.000     0.000     0.000     0.000     0.000     0.000     0.000     0.000     0.000     0.000     0.000     0.000     0.000     0.000     0.048     0.068 
    0.000     0.000     0.000     0.000     0.000     0.000     0.000     0.000     0.000     0.000     0.000     0.000     0.000     0.000     0.000     0.000     0.000     0.000     0.000     0.000     0.000     0.000 
    0.000     0.000     0.000     0.000     0.000     0.000     0.000     0.000     0.000     0.000     0.000     0.000     0.000     0.000     0.000     0.000     0.000     0.000     0.000     0.000     0.000     0.000 
